Summary for Cubic
trajectory metric: left
J diagonal: [0.082  0.0845 0.1377]

objective_u_cost_own_metric: 1.386104798588e+00
nominal_u_cost_physical_J: 1.386104798588e+00
actual_u_cost_physical_J: 3.052842680033e+00
tau_d_cost_J: 2.588000035143e-02
tau_cost_J: 7.751194989379e-03
M_cost_J: 1.665412341550e+00
max_e_R_J: 1.228504110321e-01
max_e_Omega_J: 1.101680534456e-01
max_u_d_left_J: 1.185371053241e+00
max_u_actual_J: 5.285811438968e+00
