Summary for Quintic in tension
trajectory metric: left
J diagonal: [0.082  0.0845 0.1377]

objective_u_cost_own_metric: 1.152627088242e+00
nominal_u_cost_physical_J: 1.152627088242e+00
actual_u_cost_physical_J: 2.842889946352e+00
tau_d_cost_J: 2.411148176847e-02
tau_cost_J: 7.855997840597e-03
M_cost_J: 1.468489523764e+00
max_e_R_J: 1.228504110321e-01
max_e_Omega_J: 1.101680534456e-01
max_u_d_left_J: 1.465570487580e+00
max_u_actual_J: 5.282784297546e+00
